262144000S
39581976 4805
1654 1
1767 1
1622 1
1796 1
1558 1
1696 1
1716 1
1787 1
4670 1
7069 1
1777 1
3140 1
2406 1
1590 1
1554 1
1758 1
1682 1
5524 1
1628 1
1646 1
1773 1
1797 1
1645 1
1777 1
1695 1
2041 1
1589 1
1724 1
1660 1
1786 1
1581 1
7728 1
1805 1
1708 1
1762 1
10598 1
1782 1
1722 1
1698 1
2210 1
1747 1
1784 1
3050 1
1470 1
1960 1
1655 1
1770 1
1667 1
1646 1
2343 1
1898 1
1408 1
1829 1
1414 1
1957 1
1902 1
2436 1
1785 1
1636 1
1684 1
1845 1
1784 1
54037 1
23099 1
2503 1
1567 1
1681 1
6068 1
1581 1
1780 1
2343 1
1778 1
1630 1
1670 1
1459 1
16435 1
1633 1
1701 1
1789 1
1731 1
6401 1
1955 1
8646 1
1690 1
2092 1
1768 1
1839 1
10344 1
1741 1
1674 1
1467 1
8343 1
1786 1
1716 1
1378 1
1631 1
1554 1
1376 1
1699 1
1681 1
3486 1
1775 1
1470 1
1803 1
1679 1
11133 1
2332 1
1644 1
1448 1
4378 1
1610 1
1592 1
2832 1
4630 1
1683 1
3300 1
1771 1
3397 1
1642 1
1384 1
3324 1
1773 1
1784 1
2347 1
1620 1
1752 1
1797 1
1601 1
1667 1
1657 1
1810 1
1547 1
1647 1
1989 1
1623 1
1659 1
1648 1
1693 1
1779 1
1576 1
1973 1
2134 1
2013 1
1589 1
1774 1
2313 1
1666 1
1562 1
4580 1
1666 1
1698 1
1460 1
1797 1
1977 1
1518 1
57757 1
1619 1
2407 1
1722 1
1487 1
4609 1
1685 1
1729 1
1869 1
2117 1
1774 1
2032 1
1942 1
1743 1
1455 1
1929 1
1630 1
1900 1
4561 1
2346 1
1682 1
10671 1
1694 1
5283 1
1577 1
2275 1
1777 1
3151 1
14252 1
1729 1
2074 1
1724 1
1716 1
1626 1
1427 1
1568 1
1575 1
1681 1
1751 1
1561 1
4538 1
6566 1
1634 1
1802 1
2763 1
1677 1
1773 1
7133 1
1489 1
2090 1
3676 1
1637 1
1833 1
1718 1
1733 1
3651 1
16524 1
1650 1
6083 1
1842 1
1573 1
1374 1
1765 1
66359 1
1856 1
1486 1
1665 1
14232 1
3491 1
1529 1
1800 1
1711 1
1944 1
1493 1
2005 1
1930 1
1681 1
1542 1
12875 1
2288 1
2337 1
1546 1
3308 1
2834 1
8672 1
1713 1
1700 1
1679 1
2859 1
1826 1
1385 1
1560 1
1689 1
1597 1
4699 1
4680 1
5444 1
1711 1
1893 1
4598 1
1967 1
1655 1
1690 1
1950 1
1397 1
2391 1
1367 1
1788 1
1803 1
2577 1
1644 1
1523 1
2288 1
2392 1
4856 1
2412 1
1633 1
1481 1
2562 1
256600 1
1700 1
2989 1
1682 1
1478 1
2345 1
1930 1
2362 1
1593 1
1578 1
1598 1
4308 1
3903 1
1645 1
1671 1
1699 1
1706 1
1695 1
1687 1
10241 1
1551 1
1578 1
1906 1
1877 1
6279 1
1681 1
2233 1
1942 1
1773 1
4507 1
1654 1
1705 1
18145 1
4099 1
1476 1
6789 1
1516 1
1525 1
1707 1
1694 1
1619 1
5746 1
1630 1
9779 1
1900 1
1674 1
1659 1
1919 1
3487 1
2718 1
3230 1
1751 1
1441 1
1521 1
1643 1
2086 1
2393 1
3088 1
1644 1
1668 1
1680 1
1736 1
1716 1
1757 1
1469 1
2831 1
1505 1
1892 1
1796 1
11482 1
1706 1
1645 1
4343 1
1746 1
1610 1
3757 1
1791 1
84220 1
1956 1
1611 1
1675 1
3399 1
1661 1
1388 1
8391 1
5330 1
3859 1
4428 1
3741 1
1633 1
1557 1
2388 1
1801 1
2888 1
1920 1
2173 1
86249 1
1461 1
2892 1
1666 1
1652 1
3761 1
1698 1
1652 1
3079 1
1576 1
17422 1
8068 1
1822 1
1763 1
1686 1
2891 1
3894 1
5367 1
3418 1
18688 1
2024 1
1789 1
1657 1
1626 1
1935 1
1635 1
1758 1
1810 1
1678 1
1621 1
1678 1
1688 1
1393 1
3610 1
1818 1
1658 1
2075 1
3551 1
1632 1
1683 1
5401 1
2845 1
1375 1
1587 1
2071 1
1476 1
2218 1
1698 1
1661 1
1626 1
2110 1
1668 1
1684 1
3485 1
1556 1
1402 1
1705 1
1658 1
2017 1
4269 1
1399 1
1915 1
1607 1
3031 1
1398 1
3090 1
1768 1
1645 1
1497 1
2034 1
3960 1
1697 1
1830 1
1651 1
1610 1
2706 1
1341 1
1712 1
7472 1
1712 1
3905 1
2341 1
1681 1
1690 1
2017 1
2890 1
1688 1
1695 1
2884 1
1835 1
1517 1
9593 1
2673 1
1507 1
1715 1
1648 1
1614 1
1389 1
1485 1
17509 1
1632 1
1988 1
1625 1
1664 1
1765 1
2508 1
2016 1
1548 1
1538 1
1533 1
2017 1
2835 1
1880 1
1663 1
1608 1
1678 1
1827 1
1741 1
2026 1
2010 1
1603 1
1696 1
1941 1
1620 1
